// 0x00000000
00003fffe
00003fffe
c0027fcd8
00007ffff
000040000
00007ffff
00007ffff
000040000
000040000
000040001
000040000
000040000
000040000
000040000
000040000
000040000
// 0x00000010
000040000
000000000
000000000
000000001
000040000
000040000
000000000
000000001
000000000
000000001
000000000
00003ffff
000040000
00003ffff
000000000
000000000
// 0x00000020
000040000
000000000
000040001
000000001
000000000
000040001
000000000
000000001
000000000
000000001
000000001
000000000
000000000
000040001
000000001
000000001
// 0x00000030
000000000
000000001
000000000
000000001
000040000
000000000
000000000
000000000
000040001
000000001
000000000
000040001
000040001
000000000
000000000
000040001
// 0x00000040
000000001
000000001
000000001
000000001
000000001
000000001
000000001
000000001
000000001
000000001
000000001
000000001
000000001
000000001
000000000
000000000
// 0x00000050
000000001
000000001
000000001
000000001
000000001
000000001
000000001
000000001
000000001
000000001
000000001
000000001
000000001
000000001
000000001
000000001
// 0x00000060
000000001
000000001
000040001
000000001
000000001
000040001
000000001
000000001
000000001
000000001
000000001
000000001
000000001
000040001
000040001
000000001
// 0x00000070
000000001
000000000
000040001
000040001
000040001
000040001
000040001
000040001
000040001
000000001
000040000
000000001
000040001
000000000
000040001
000040001
// 0x00000080
000000001
000000001
000000001
000000001
000000001
000000001
000000001
000000001
000000001
000000001
000000001
000000001
000000001
000000001
000000001
000000001
// 0x00000090
000000001
000000001
000000001
000000001
000000001
000000001
000000001
000000001
000000001
000000001
000000001
000000001
000000001
000000001
000000001
000000001
// 0x000000a0
000000001
000000001
000000001
000000001
000000001
000000001
000000001
000000001
000000001
000000001
000000001
000000001
000000001
000000001
000000001
000000001
// 0x000000b0
000000001
000000001
000000001
000000001
000000001
000000001
000000001
000000001
000000001
000000001
000000001
000000001
000000001
000000001
000000002
000000001
// 0x000000c0
000000001
000000001
000000001
000000001
000000001
000040001
000000001
000000001
000040001
000000001
000000001
000040001
000000001
000040001
000000000
000000000
// 0x000000d0
000000001
000000001
000000001
000000001
000000001
000000001
000000001
000000001
000000001
000000001
000000001
000040001
000040001
000000000
000000001
000000001
// 0x000000e0
000000001
000000001
000000000
000040001
000040001
000000000
000000000
000040001
000040001
000000001
000000001
000000001
000000002
000000000
000000000
000000001
// 0x000000f0
000040001
000000001
000000000
000000000
000000000
000000000
000000000
000000000
000000000
000000002
000000000
000000000
000000001
000040001
000000000
000000000
// 0x00000100
000000001
ffffc0001
000000001
ffffc0001
ffffc0001
ffffc0001
000000001
ffffc0001
ffffc0001
000000002
ffffc0001
ffffc0001
ffffc0001
000000001
ffffc0001
ffffc0001
// 0x00000110
ffffc0001
000000001
000000001
000000001
ffffc0001
ffffc0001
000000002
000000001
ffffc0002
000000001
000000001
000000001
000000001
ffffc0001
000000001
000000001
// 0x00000120
000000001
000000001
000000001
000000001
000000001
ffffc0001
000000001
000000001
000000001
000000001
000000001
000000001
000000001
000000001
000000001
000000001
// 0x00000130
000000001
000000001
000000001
ffffc0001
ffffc0001
000000001
000000001
000000001
000000001
000000001
000000001
000000001
000000001
000000001
000000001
000000001
// 0x00000140
000000001
000000001
000000001
000000001
000000002
000000001
000000001
000000001
000000001
000000001
000000001
000000001
000000001
000000001
000000001
000000001
// 0x00000150
000000001
000000001
000000001
000000001
000000001
000000001
000000001
000000001
000000001
000000001
000000001
000000001
000000001
000000001
000000001
000000001
// 0x00000160
000000001
000000001
000000001
000000001
000000001
000000001
000000001
000000001
000000001
000000001
000000001
000000001
000000001
000000001
000000001
000000001
// 0x00000170
000000001
000000001
000000001
000000001
000000001
000000001
000000001
000000001
000000001
000000001
000000001
000000001
000000001
000000001
000000001
000000001
// 0x00000180
000000001
000000001
000000001
000000001
000000001
ffffc0001
000000001
000040001
000040001
000000001
000000001
000000001
000000001
000000001
000000001
000000001
// 0x00000190
000000001
ffffc0001
000000001
000000001
000000001
000000001
000000001
000000001
000000001
000000001
000000001
000000001
000000001
000000001
000000001
000000001
// 0x000001a0
000000001
000000001
000000001
000000001
000000001
000000001
000000001
000000001
000000001
000000001
000000001
000000001
000000001
000000001
000000001
000000001
// 0x000001b0
000000001
000000001
000000001
ffffc0001
ffffc0001
000000001
000000001
000000001
000000001
000000001
000000001
000000001
000000001
000000001
000000001
000000001
// 0x000001c0
000000001
000000001
000000001
000000001
000000001
000000001
000000001
000000001
000000001
000040001
000000001
000000001
000000001
000000001
000000000
000000001
// 0x000001d0
000000001
000000001
000000001
000000001
000000001
000000001
000000001
ffffc0001
000040001
000000001
000000001
000040001
000000001
000000001
000000001
000040001
// 0x000001e0
000000001
000000000
000040001
000000001
000000001
000000000
000040001
ffffc0002
000000001
000040001
000000001
000000001
000000001
000040001
000040001
000000001
// 0x000001f0
000000001
000000000
000040001
000040001
000040001
000040001
000040001
000040001
000040001
000000001
000040001
000040001
000000001
000000001
000040001
000000001
// 0x00000200
000000002
000000000
ffffc0002
ffffc0001
ffffc0001
ffffc0001
ffffc0001
ffffc0001
ffffc0001
000000001
ffffc0001
ffffc0001
ffffc0001
ffffc0001
ffffc0001
ffffc0001
// 0x00000210
ffffc0001
000000000
ffffc0001
000000001
ffffc0001
ffffc0001
ffffc0001
000000001
ffffc0001
ffffc0001
ffffc0001
000000002
ffffc0001
ffffc0000
ffffc0001
ffffc0001
// 0x00000220
ffffc0001
000000000
000000001
ffffc0001
ffffc0001
000000001
ffffc0001
ffffc0001
ffffc0001
000000001
ffffc0001
000000001
ffffc0001
000000001
000000001
000000001
// 0x00000230
ffffc0001
000000001
ffffc0001
000000001
ffffc0000
ffffc0001
ffffc0001
ffffc0001
000000001
ffffc0001
ffffc0001
000000001
000000001
ffffc0001
ffffc0001
000000001
// 0x00000240
000000001
000000001
000000001
000000001
000000001
000000001
000000001
000000001
000000001
000000001
000000001
000000001
000000001
000000001
000000001
000000001
// 0x00000250
000000001
000000001
000000001
000000001
000000001
000000001
000000001
000000001
000000001
000000001
000000001
000000001
000000001
000000001
000000001
000000001
// 0x00000260
000000001
000000001
000000001
000000001
000000001
000000001
000000001
000000001
000000001
000000001
000000001
000000001
000000001
000000001
000000001
000000001
// 0x00000270
000000001
000000001
000000001
000000001
000000001
000000001
000000001
000000001
000000001
000000001
ffffc0001
ffffc0001
000000001
000000001
000000001
000000001
// 0x00000280
000000001
000000001
000000001
000000001
000000001
000000001
000000001
000000001
000000001
000000001
000000001
000000001
000000001
000000001
000000001
000000001
// 0x00000290
000000001
000000001
000000001
000000001
000000001
000000001
000000001
000000001
000000001
000000001
000000001
000000001
000000001
000000001
000000001
000000001
// 0x000002a0
000000001
000000001
000000001
000000001
000000001
000000001
000000001
000000001
000000001
000000001
000000001
000000001
000000001
000000001
000000001
000000001
// 0x000002b0
000000001
000000001
000000001
000000001
000000001
000000001
000000001
000000001
000000001
000000001
000000001
000000001
000000001
000000001
000000002
000000001
// 0x000002c0
000000001
000000001
000000001
000000001
000000001
000000001
000000001
000000001
000000001
000000001
000000001
000000001
000000001
000000001
000000001
000000001
// 0x000002d0
000000001
000000001
000000001
000000001
000000001
000000001
000000001
000000001
000000001
000000001
000000001
000000001
000000001
000000001
000000001
000000001
// 0x000002e0
000000001
000000001
ffffc0001
000000001
000000001
000000001
ffffc0001
000000001
000000001
000000001
000000002
000000001
000000002
000000001
000000001
000000001
// 0x000002f0
000000001
000000001
000000001
000000001
000000001
ffffc0001
000000001
000000001
000000001
000000002
000000001
000000001
000000001
000040001
000000001
000000001
// 0x00000300
000000001
000040001
000000001
ffffc0000
ffffc0000
ffffc0001
000000001
ffffc0000
ffffc0000
000000002
ffffc0000
ffffc0000
ffffc0000
ffffc0000
ffffc0000
ffffc0000
// 0x00000310
ffffc0000
000000001
ffffc0001
000000001
ffffc0000
ffffc0000
000000002
000000001
ffffc0001
000000001
ffffc0001
ffffc0001
ffffc0000
ffffc0000
ffffc0001
ffffc0001
// 0x00000320
ffffc0000
000000001
000000001
000000001
000000001
ffffc0000
ffffc0001
ffffc0001
000000001
000000001
000000001
000000001
000000001
000000001
000000001
000000001
// 0x00000330
000000001
000000001
000000001
ffffc0000
ffffc0000
ffffc0001
000000001
ffffc0001
000000001
000000001
ffffc0001
000000001
000000001
ffffc0001
000000001
000000001
// 0x00000340
000000001
000000001
000000001
000000001
000000002
000000001
000000001
000000001
000000001
000000001
000000001
000000001
000000001
000000001
000000001
000000001
// 0x00000350
000000001
000000001
000000001
000000001
000000001
000000001
000000001
000000001
000000001
000000001
000000001
000000001
000000001
000000001
000000001
000000001
// 0x00000360
000000001
000000001
000000001
000000001
000000001
000000001
000000001
000000001
000000001
000000001
000000001
000000001
000000001
000000001
000000001
000000001
// 0x00000370
000000001
000000001
000000001
000000001
000000001
000000001
000000001
000000001
000000001
000000001
000000001
000000001
000000001
000000001
000000001
000000001
// 0x00000380
000000001
000000001
000000001
ffffc0001
ffffc0001
ffffc0000
ffffc0001
000000001
ffffc0000
000000001
ffffc0001
ffffc0001
ffffc0001
ffffc0001
ffffc0001
ffffc0001
// 0x00000390
ffffc0001
ffffc0000
000000001
000000001
ffffc0001
ffffc0001
000000001
000000001
000000001
000000001
000000001
000000001
000000001
ffffc0001
000000001
000000001
// 0x000003a0
ffffc0001
000000001
000000001
000000001
000000001
000000001
000000001
000000001
000000001
000000001
000000001
000000001
000000001
000000001
000000001
000000001
// 0x000003b0
000000001
000000001
000000001
ffffc0000
ffffc0000
000000001
000000001
000000001
000000001
000000001
000000001
000000001
000000001
000000001
000000001
000000001
// 0x000003c0
000000001
000000001
000000001
ffffc0001
ffffc0000
ffffc0000
ffffc0001
ffffc0001
ffffc0000
000000001
ffffc0001
ffffc0000
ffffc0000
ffffc0000
ffff80000
000000001
// 0x000003d0
ffffc0000
000000001
ffffc0000
000000001
000000001
ffffc0001
ffffc0000
ffffc0000
000000001
000000001
ffffc0000
000000001
ffffc0000
ffffc0001
ffffc0000
000000001
// 0x000003e0
ffffc0001
000000000
ffffc0000
ffffc0000
ffffc0000
fffffffff
ffffc0000
fffffffff
ffffc0000
000000001
ffffc0000
000000001
ffffc0000
ffffc0000
ffffc0000
000000001
// 0x000003f0
ffffc0000
000000000
ffffc0000
ffffc0000
ffffc0000
ffffc0000
ffffc0000
ffffc0000
ffffc0000
ffffc0001
ffffc0000
ffffc0000
ffffbffff
ffffbffff
ffffc0000
ffffbffff
