000000000000000000
000000010001110101
000000101000011111
000001001110011111
000010110001001011
011111111000011101
111011110001001011
111101110111011001
111110100001101011
111110110110110001
111111000011100100
111111001100001111
111111010010100100
111111010111011010
111111011011001111
111111011110010111
111111100000111110
111111100011001100
111111100101000101
111111100110101111
111111101000001101
111111101001011111
111111101010101001
111111101011101100
111111101100101000
111111101101011111
111111101110010001
111111101110111111
111111101111101001
111111110000010000
111111110000110100
111111110001010110
111111110001110110
111111110010010011
111111110010101111
111111110011001001
111111110011100010
111111110011111001
111111110100001111
111111110100100100
111111110100110111
111111110101001010
111111110101011100
111111110101101101
111111110101111101
111111110110001100
111111110110011011
111111110110101001
111111110110110110
111111110111000011
111111110111010000
111111110111011100
111111110111100111
111111110111110010
111111110111111101
111111111000000111
111111111000010001
111111111000011011
111111111000100100
111111111000101101
111111111000110101
111111111000111110
111111111001000110
111111111001001110
111111111001010101
111111111001011101
111111111001100100
111111111001101011
111111111001110010
111111111001111000
111111111001111110
111111111010000101
111111111010001011
111111111010010001
111111111010010110
111111111010011100
111111111010100001
111111111010100111
111111111010101100
111111111010110001
111111111010110110
111111111010111011
111111111011000000
111111111011000100
111111111011001001
111111111011001101
111111111011010010
111111111011010110
111111111011011010
111111111011011110
111111111011100010
111111111011100110
111111111011101010
111111111011101110
111111111011110001
111111111011110101
111111111011111000
111111111011111100
111111111011111111
111111111100000011
111111111100000110
111111111100001001
111111111100001100
111111111100010000
111111111100010011
111111111100010110
111111111100011001
111111111100011100
111111111100011110
111111111100100001
111111111100100100
111111111100100111
111111111100101010
111111111100101100
111111111100101111
111111111100110001
111111111100110100
111111111100110111
111111111100111001
111111111100111011
111111111100111110
111111111101000000
111111111101000011
111111111101000101
111111111101000111
111111111101001001
111111111101001100
111111111101001110
111111111101010000
111111111101010010
111111111101010100
111111111101010110
111111111101011001
111111111101011011
111111111101011101
111111111101011111
111111111101100001
111111111101100011
111111111101100100
111111111101100110
111111111101101000
111111111101101010
111111111101101100
111111111101101110
111111111101110000
111111111101110001
111111111101110011
111111111101110101
111111111101110111
111111111101111000
111111111101111010
111111111101111100
111111111101111110
111111111101111111
111111111110000001
111111111110000011
111111111110000100
111111111110000110
111111111110000111
111111111110001001
111111111110001011
111111111110001100
111111111110001110
111111111110001111
111111111110010001
111111111110010010
111111111110010100
111111111110010101
111111111110010111
111111111110011000
111111111110011010
111111111110011011
111111111110011100
111111111110011110
111111111110011111
111111111110100001
111111111110100010
111111111110100011
111111111110100101
111111111110100110
111111111110101000
111111111110101001
111111111110101010
111111111110101100
111111111110101101
111111111110101110
111111111110101111
111111111110110001
111111111110110010
111111111110110011
111111111110110101
111111111110110110
111111111110110111
111111111110111000
111111111110111010
111111111110111011
111111111110111100
111111111110111101
111111111110111111
111111111111000000
111111111111000001
111111111111000010
111111111111000100
111111111111000101
111111111111000110
111111111111000111
111111111111001000
111111111111001010
111111111111001011
111111111111001100
111111111111001101
111111111111001110
111111111111001111
111111111111010001
111111111111010010
111111111111010011
111111111111010100
111111111111010101
111111111111010110
111111111111010111
111111111111011001
111111111111011010
111111111111011011
111111111111011100
111111111111011101
111111111111011110
111111111111011111
111111111111100000
111111111111100010
111111111111100011
111111111111100100
111111111111100101
111111111111100110
111111111111100111
111111111111101000
111111111111101001
111111111111101010
111111111111101011
111111111111101101
111111111111101110
111111111111101111
111111111111110000
111111111111110001
111111111111110010
111111111111110011
111111111111110100
111111111111110101
111111111111110110
111111111111110111
111111111111111000
111111111111111010
111111111111111011
111111111111111100
111111111111111101
111111111111111110
111111111111111111
000000000000000000
000000000000000001
000000000000000010
000000000000000011
000000000000000100
000000000000000101
000000000000000110
000000000000001000
000000000000001001
000000000000001010
000000000000001011
000000000000001100
000000000000001101
000000000000001110
000000000000001111
000000000000010000
000000000000010001
000000000000010010
000000000000010011
000000000000010101
000000000000010110
000000000000010111
000000000000011000
000000000000011001
000000000000011010
000000000000011011
000000000000011100
000000000000011101
000000000000011110
000000000000100000
000000000000100001
000000000000100010
000000000000100011
000000000000100100
000000000000100101
000000000000100110
000000000000100111
000000000000101001
000000000000101010
000000000000101011
000000000000101100
000000000000101101
000000000000101110
000000000000101111
000000000000110001
000000000000110010
000000000000110011
000000000000110100
000000000000110101
000000000000110110
000000000000111000
000000000000111001
000000000000111010
000000000000111011
000000000000111100
000000000000111110
000000000000111111
000000000001000000
000000000001000001
000000000001000011
000000000001000100
000000000001000101
000000000001000110
000000000001001000
000000000001001001
000000000001001010
000000000001001011
000000000001001101
000000000001001110
000000000001001111
000000000001010001
000000000001010010
000000000001010011
000000000001010100
000000000001010110
000000000001010111
000000000001011000
000000000001011010
000000000001011011
000000000001011101
000000000001011110
000000000001011111
000000000001100001
000000000001100010
000000000001100100
000000000001100101
000000000001100110
000000000001101000
000000000001101001
000000000001101011
000000000001101100
000000000001101110
000000000001101111
000000000001110001
000000000001110010
000000000001110100
000000000001110101
000000000001110111
000000000001111001
000000000001111010
000000000001111100
000000000001111101
000000000001111111
000000000010000001
000000000010000010
000000000010000100
000000000010000110
000000000010001000
000000000010001001
000000000010001011
000000000010001101
000000000010001111
000000000010010000
000000000010010010
000000000010010100
000000000010010110
000000000010011000
000000000010011010
000000000010011100
000000000010011101
000000000010011111
000000000010100001
000000000010100011
000000000010100101
000000000010100111
000000000010101010
000000000010101100
000000000010101110
000000000010110000
000000000010110010
000000000010110100
000000000010110111
000000000010111001
000000000010111011
000000000010111101
000000000011000000
000000000011000010
000000000011000101
000000000011000111
000000000011001001
000000000011001100
000000000011001111
000000000011010001
000000000011010100
000000000011010110
000000000011011001
000000000011011100
000000000011011111
000000000011100010
000000000011100100
000000000011100111
000000000011101010
000000000011101101
000000000011110000
000000000011110100
000000000011110111
000000000011111010
000000000011111101
000000000100000001
000000000100000100
000000000100001000
000000000100001011
000000000100001111
000000000100010010
000000000100010110
000000000100011010
000000000100011110
000000000100100010
000000000100100110
000000000100101010
000000000100101110
000000000100110011
000000000100110111
000000000100111100
000000000101000000
000000000101000101
000000000101001010
000000000101001111
000000000101010100
000000000101011001
000000000101011111
000000000101100100
000000000101101010
000000000101101111
000000000101110101
000000000101111011
000000000110000010
000000000110001000
000000000110001110
000000000110010101
000000000110011100
000000000110100011
000000000110101011
000000000110110010
000000000110111010
000000000111000010
000000000111001011
000000000111010011
000000000111011100
000000000111100101
000000000111101111
000000000111111001
000000001000000011
000000001000001110
000000001000011001
000000001000100100
000000001000110000
000000001000111101
000000001001001010
000000001001010111
000000001001100101
000000001001110100
000000001010000011
000000001010010011
000000001010100100
000000001010110110
000000001011001001
000000001011011100
000000001011110001
000000001100000111
000000001100011110
000000001100110111
000000001101010001
000000001101101101
000000001110001010
000000001110101010
000000001111001100
000000001111110000
000000010000010111
000000010001000001
000000010001101111
000000010010100001
000000010011011000
000000010100010100
000000010101010111
000000010110100001
000000010111110011
000000011001010001
000000011010111011
000000011100110100
000000011111000010
000000100001101001
000000100100110001
000000101000100110
000000101101011100
000000110011110001
000000111100011100
000001001001001111
000001011110010101
000010001000100111
000100001110110101
100000000111100011
111101001110110101
111110110001100001
111111010111100001
111111101110001011
