000000001010000000
000000001010010011
000000001011010100
000000001101110101
000000010101100001
000010101111101111
111111101111100111
111111111010011110
111111111101101111
111111111111010010
000000000000001011
000000000000110000
000000000001001001
000000000001011011
000000000001101000
000000000001110010
000000000001111011
000000000010000001
000000000010000111
000000000010001011
000000000010001111
000000000010010010
000000000010010101
000000000010010111
000000000010011001
000000000010011011
000000000010011101
000000000010011110
000000000010011111
000000000010100001
000000000010100010
000000000010100010
000000000010100011
000000000010100100
000000000010100101
000000000010100101
000000000010100110
000000000010100110
000000000010100111
000000000010100111
000000000010101000
000000000010101000
000000000010101000
000000000010101001
000000000010101001
000000000010101001
000000000010101010
000000000010101010
000000000010101010
000000000010101010
000000000010101011
000000000010101011
000000000010101011
000000000010101011
000000000010101011
000000000010101011
000000000010101100
000000000010101100
000000000010101100
000000000010101100
000000000010101100
000000000010101100
000000000010101100
000000000010101100
000000000010101100
000000000010101101
000000000010101101
000000000010101101
000000000010101101
000000000010101101
000000000010101101
000000000010101101
000000000010101101
000000000010101101
000000000010101101
000000000010101101
000000000010101101
000000000010101101
000000000010101101
000000000010101101
000000000010101110
000000000010101110
000000000010101110
000000000010101110
000000000010101110
000000000010101110
000000000010101110
000000000010101110
000000000010101110
000000000010101110
000000000010101110
000000000010101110
000000000010101110
000000000010101110
000000000010101110
000000000010101110
000000000010101110
000000000010101110
000000000010101110
000000000010101110
000000000010101110
000000000010101110
000000000010101110
000000000010101110
000000000010101110
000000000010101110
000000000010101110
000000000010101110
000000000010101110
000000000010101110
000000000010101110
000000000010101110
000000000010101110
000000000010101110
000000000010101110
000000000010101110
000000000010101111
000000000010101111
000000000010101111
000000000010101111
000000000010101111
000000000010101111
000000000010101111
000000000010101111
000000000010101111
000000000010101111
000000000010101111
000000000010101111
000000000010101111
000000000010101111
000000000010101111
000000000010101111
000000000010101111
000000000010101111
000000000010101111
000000000010101111
000000000010101111
000000000010101111
000000000010101111
000000000010101111
000000000010101111
000000000010101111
000000000010101111
000000000010101111
000000000010101111
000000000010101111
000000000010101111
000000000010101111
000000000010101111
000000000010101111
000000000010101111
000000000010101111
000000000010101111
000000000010101111
000000000010101111
000000000010101111
000000000010101111
000000000010101111
000000000010101111
000000000010101111
000000000010101111
000000000010101111
000000000010101111
000000000010101111
000000000010101111
000000000010101111
000000000010101111
000000000010101111
000000000010101111
000000000010101111
000000000010101111
000000000010101111
000000000010101111
000000000010101111
000000000010101111
000000000010101111
000000000010101111
000000000010101111
000000000010101111
000000000010101111
000000000010101111
000000000010101111
000000000010101111
000000000010101111
000000000010101111
000000000010101111
000000000010101111
000000000010101111
000000000010101111
000000000010101111
000000000010101111
000000000010101111
000000000010101111
000000000010101111
000000000010101111
000000000010101111
000000000010101111
000000000010101111
000000000010101111
000000000010101111
000000000010101111
000000000010101111
000000000010101111
000000000010101111
000000000010101111
000000000010101111
000000000010101111
000000000010101111
000000000010101111
000000000010101111
000000000010101111
000000000010101111
000000000010101111
000000000010101111
000000000010101111
000000000010101111
000000000010101111
000000000010101111
000000000010101111
000000000010101111
000000000010101111
000000000010101111
000000000010101111
000000000010101111
000000000010101111
000000000010101111
000000000010101111
000000000010101111
000000000010101111
000000000010101111
000000000010101111
000000000010101111
000000000010101111
000000000010101111
000000000010101111
000000000010101111
000000000010101111
000000000010101111
000000000010101111
000000000010101111
000000000010101111
000000000010101111
000000000010101111
000000000010101111
000000000010101111
000000000010101111
000000000010101111
000000000010101111
000000000010101111
000000000010101111
000000000010101111
000000000010101111
000000000010101111
000000000010101111
000000000010101111
000000000010101111
000000000010101111
000000000010101111
000000000010101111
000000000010101111
000000000010101111
000000000010101111
000000000010101111
000000000010101111
000000000010101111
000000000010101111
000000000010101111
000000000010101111
000000000010101111
000000000010101111
000000000010101111
000000000010101111
000000000010101111
000000000010101111
000000000010101111
000000000010101111
000000000010101111
000000000010101111
000000000010101111
000000000010101111
000000000010101111
000000000010101111
000000000010101111
000000000010101111
000000000010101111
000000000010101111
000000000010101111
000000000010101111
000000000010101111
000000000010101111
000000000010101111
000000000010101111
000000000010101111
000000000010101111
000000000010101111
000000000010101111
000000000010101111
000000000010101111
000000000010101111
000000000010101111
000000000010101111
000000000010101111
000000000010101111
000000000010101111
000000000010101111
000000000010101111
000000000010101111
000000000010101111
000000000010101111
000000000010101111
000000000010101111
000000000010101111
000000000010101111
000000000010101111
000000000010101111
000000000010101111
000000000010101111
000000000010101111
000000000010101111
000000000010101111
000000000010101111
000000000010101111
000000000010101111
000000000010101111
000000000010101111
000000000010101111
000000000010101111
000000000010101111
000000000010101111
000000000010101111
000000000010101111
000000000010101111
000000000010101111
000000000010101111
000000000010101111
000000000010101111
000000000010101111
000000000010101111
000000000010101111
000000000010101111
000000000010101111
000000000010101111
000000000010101111
000000000010101111
000000000010101111
000000000010101111
000000000010101111
000000000010101111
000000000010101111
000000000010101111
000000000010101111
000000000010101111
000000000010101111
000000000010101111
000000000010101111
000000000010101111
000000000010101111
000000000010101111
000000000010101111
000000000010101111
000000000010101111
000000000010101111
000000000010101111
000000000010101111
000000000010101111
000000000010101111
000000000010101111
000000000010101111
000000000010101111
000000000010101111
000000000010101111
000000000010101111
000000000010101111
000000000010101111
000000000010101111
000000000010101111
000000000010101111
000000000010101111
000000000010101111
000000000010101111
000000000010101111
000000000010101111
000000000010101111
000000000010101111
000000000010101111
000000000010101111
000000000010101111
000000000010101111
000000000010101111
000000000010101111
000000000010101111
000000000010101111
000000000010101111
000000000010101111
000000000010101111
000000000010101111
000000000010101111
000000000010101110
000000000010101110
000000000010101110
000000000010101110
000000000010101110
000000000010101110
000000000010101110
000000000010101110
000000000010101110
000000000010101110
000000000010101110
000000000010101110
000000000010101110
000000000010101110
000000000010101110
000000000010101110
000000000010101110
000000000010101110
000000000010101110
000000000010101110
000000000010101110
000000000010101110
000000000010101110
000000000010101110
000000000010101110
000000000010101110
000000000010101110
000000000010101110
000000000010101110
000000000010101110
000000000010101110
000000000010101110
000000000010101110
000000000010101110
000000000010101110
000000000010101110
000000000010101101
000000000010101101
000000000010101101
000000000010101101
000000000010101101
000000000010101101
000000000010101101
000000000010101101
000000000010101101
000000000010101101
000000000010101101
000000000010101101
000000000010101101
000000000010101101
000000000010101101
000000000010101100
000000000010101100
000000000010101100
000000000010101100
000000000010101100
000000000010101100
000000000010101100
000000000010101100
000000000010101100
000000000010101011
000000000010101011
000000000010101011
000000000010101011
000000000010101011
000000000010101011
000000000010101010
000000000010101010
000000000010101010
000000000010101010
000000000010101001
000000000010101001
000000000010101001
000000000010101000
000000000010101000
000000000010101000
000000000010100111
000000000010100111
000000000010100110
000000000010100110
000000000010100101
000000000010100101
000000000010100100
000000000010100011
000000000010100010
000000000010100010
000000000010100001
000000000010011111
000000000010011110
000000000010011101
000000000010011011
000000000010011001
000000000010010111
000000000010010101
000000000010010010
000000000010001111
000000000010001011
000000000010000111
000000000010000001
000000000001111011
000000000001110010
000000000001101000
000000000001011011
000000000001001001
000000000000110000
000000000000001011
111111111111010010
111111111101101111
111111111010011110
111111101111100111
000010101111101111
000000010101100001
000000001101110101
000000001011010100
000000001010010011
