000000000000000000
111111101110101110
111111011000110000
111110110011111011
111101010100001111
100001000101110010
000100000110100100
000010000100011100
000001011011011101
000001000111000000
000000111010100110
000000110010001100
000000101100000011
000000100111010111
000000100011101001
000000100000100111
000000011110000101
000000011011111100
000000011010000110
000000011000011111
000000010111000101
000000010101110101
000000010100101101
000000010011101101
000000010010110010
000000010001111101
000000010001001101
000000010000100000
000000001111110111
000000001111010001
000000001110101110
000000001110001101
000000001101101110
000000001101010010
000000001100110111
000000001100011110
000000001100000110
000000001011101111
000000001011011010
000000001011000110
000000001010110011
000000001010100001
000000001010010000
000000001001111111
000000001001110000
000000001001100001
000000001001010011
000000001001000101
000000001000111000
000000001000101011
000000001000011111
000000001000010100
000000001000001000
000000000111111110
000000000111110011
000000000111101010
000000000111100000
000000000111010111
000000000111001110
000000000111000101
000000000110111101
000000000110110101
000000000110101101
000000000110100101
000000000110011110
000000000110010111
000000000110010000
000000000110001001
000000000110000010
000000000101111100
000000000101110110
000000000101110000
000000000101101010
000000000101100100
000000000101011111
000000000101011001
000000000101010100
000000000101001111
000000000101001010
000000000101000101
000000000101000000
000000000100111011
000000000100110111
000000000100110010
000000000100101110
000000000100101001
000000000100100101
000000000100100001
000000000100011101
000000000100011001
000000000100010101
000000000100010001
000000000100001110
000000000100001010
000000000100000111
000000000100000011
000000000100000000
000000000011111100
000000000011111001
000000000011110110
000000000011110010
000000000011101111
000000000011101100
000000000011101001
000000000011100110
000000000011100011
000000000011100000
000000000011011101
000000000011011011
000000000011011000
000000000011010101
000000000011010011
000000000011010000
000000000011001101
000000000011001011
000000000011001000
000000000011000110
000000000011000011
000000000011000001
000000000010111111
000000000010111100
000000000010111010
000000000010111000
000000000010110101
000000000010110011
000000000010110001
000000000010101111
000000000010101101
000000000010101011
000000000010101000
000000000010100110
000000000010100100
000000000010100010
000000000010100000
000000000010011110
000000000010011100
000000000010011011
000000000010011001
000000000010010111
000000000010010101
000000000010010011
000000000010010001
000000000010001111
000000000010001110
000000000010001100
000000000010001010
000000000010001000
000000000010000111
000000000010000101
000000000010000011
000000000010000010
000000000010000000
000000000001111110
000000000001111101
000000000001111011
000000000001111010
000000000001111000
000000000001110111
000000000001110101
000000000001110011
000000000001110010
000000000001110000
000000000001101111
000000000001101101
000000000001101100
000000000001101010
000000000001101001
000000000001101000
000000000001100110
000000000001100101
000000000001100011
000000000001100010
000000000001100001
000000000001011111
000000000001011110
000000000001011100
000000000001011011
000000000001011010
000000000001011000
000000000001010111
000000000001010110
000000000001010100
000000000001010011
000000000001010010
000000000001010001
000000000001001111
000000000001001110
000000000001001101
000000000001001100
000000000001001010
000000000001001001
000000000001001000
000000000001000111
000000000001000101
000000000001000100
000000000001000011
000000000001000010
000000000001000001
000000000000111111
000000000000111110
000000000000111101
000000000000111100
000000000000111011
000000000000111001
000000000000111000
000000000000110111
000000000000110110
000000000000110101
000000000000110100
000000000000110011
000000000000110001
000000000000110000
000000000000101111
000000000000101110
000000000000101101
000000000000101100
000000000000101011
000000000000101010
000000000000101000
000000000000100111
000000000000100110
000000000000100101
000000000000100100
000000000000100011
000000000000100010
000000000000100001
000000000000100000
000000000000011111
000000000000011110
000000000000011100
000000000000011011
000000000000011010
000000000000011001
000000000000011000
000000000000010111
000000000000010110
000000000000010101
000000000000010100
000000000000010011
000000000000010010
000000000000010001
000000000000010000
000000000000001111
000000000000001110
000000000000001101
000000000000001100
000000000000001010
000000000000001001
000000000000001000
000000000000000111
000000000000000110
000000000000000101
000000000000000100
000000000000000011
000000000000000010
000000000000000001
000000000000000000
111111111111111111
111111111111111110
111111111111111101
111111111111111100
111111111111111011
111111111111111010
111111111111111001
111111111111111000
111111111111110111
111111111111110110
111111111111110100
111111111111110011
111111111111110010
111111111111110001
111111111111110000
111111111111101111
111111111111101110
111111111111101101
111111111111101100
111111111111101011
111111111111101010
111111111111101001
111111111111101000
111111111111100111
111111111111100110
111111111111100101
111111111111100100
111111111111100010
111111111111100001
111111111111100000
111111111111011111
111111111111011110
111111111111011101
111111111111011100
111111111111011011
111111111111011010
111111111111011001
111111111111011000
111111111111010110
111111111111010101
111111111111010100
111111111111010011
111111111111010010
111111111111010001
111111111111010000
111111111111001111
111111111111001101
111111111111001100
111111111111001011
111111111111001010
111111111111001001
111111111111001000
111111111111000111
111111111111000101
111111111111000100
111111111111000011
111111111111000010
111111111111000001
111111111110111111
111111111110111110
111111111110111101
111111111110111100
111111111110111011
111111111110111001
111111111110111000
111111111110110111
111111111110110110
111111111110110100
111111111110110011
111111111110110010
111111111110110001
111111111110101111
111111111110101110
111111111110101101
111111111110101100
111111111110101010
111111111110101001
111111111110101000
111111111110100110
111111111110100101
111111111110100100
111111111110100010
111111111110100001
111111111110011111
111111111110011110
111111111110011101
111111111110011011
111111111110011010
111111111110011000
111111111110010111
111111111110010110
111111111110010100
111111111110010011
111111111110010001
111111111110010000
111111111110001110
111111111110001101
111111111110001011
111111111110001001
111111111110001000
111111111110000110
111111111110000101
111111111110000011
111111111110000010
111111111110000000
111111111101111110
111111111101111101
111111111101111011
111111111101111001
111111111101111000
111111111101110110
111111111101110100
111111111101110010
111111111101110001
111111111101101111
111111111101101101
111111111101101011
111111111101101001
111111111101100111
111111111101100101
111111111101100100
111111111101100010
111111111101100000
111111111101011110
111111111101011100
111111111101011010
111111111101011000
111111111101010101
111111111101010011
111111111101010001
111111111101001111
111111111101001101
111111111101001011
111111111101001000
111111111101000110
111111111101000100
111111111101000001
111111111100111111
111111111100111101
111111111100111010
111111111100111000
111111111100110101
111111111100110011
111111111100110000
111111111100101101
111111111100101011
111111111100101000
111111111100100101
111111111100100011
111111111100100000
111111111100011101
111111111100011010
111111111100010111
111111111100010100
111111111100010001
111111111100001110
111111111100001010
111111111100000111
111111111100000100
111111111100000000
111111111011111101
111111111011111001
111111111011110110
111111111011110010
111111111011101111
111111111011101011
111111111011100111
111111111011100011
111111111011011111
111111111011011011
111111111011010111
111111111011010010
111111111011001110
111111111011001001
111111111011000101
111111111011000000
111111111010111011
111111111010110110
111111111010110001
111111111010101100
111111111010100111
111111111010100001
111111111010011100
111111111010010110
111111111010010000
111111111010001010
111111111010000100
111111111001111110
111111111001110111
111111111001110000
111111111001101001
111111111001100010
111111111001011011
111111111001010011
111111111001001011
111111111001000011
111111111000111011
111111111000110010
111111111000101001
111111111000100000
111111111000010110
111111111000001101
111111111000000010
111111110111111000
111111110111101100
111111110111100001
111111110111010101
111111110111001000
111111110110111011
111111110110101101
111111110110011111
111111110110010000
111111110110000001
111111110101110000
111111110101011111
111111110101001101
111111110100111010
111111110100100110
111111110100010001
111111110011111010
111111110011100010
111111110011001001
111111110010101110
111111110010010010
111111110001110011
111111110001010010
111111110000101111
111111110000001001
111111101111100000
111111101110110011
111111101110000011
111111101101001110
111111101100010011
111111101011010011
111111101010001011
111111101000111011
111111100111100001
111111100101111010
111111100100000100
111111100001111011
111111011111011001
111111011100010111
111111011000101001
111111010011111101
111111001101110100
111111000101011010
111110111001000000
111110100100100011
111101111011100100
111011111001011100
011110111010001110
000010101011110001
000001001100000101
000000100111010000
000000010001010010
