000000010011101101
000000010100100110
000000010111110000
000000011111011110
000000110111001001
001000010010000100
111111000010011010
111111100011110110
111111101101111100
111111110010101101
111111110101011100
111111110111001100
111111111000011000
111111111001010000
111111111001111001
111111111010011001
111111111010110011
111111111011000111
111111111011011000
111111111011100110
111111111011110001
111111111011111011
111111111100000100
111111111100001011
111111111100010001
111111111100010111
111111111100011100
111111111100100000
111111111100100100
111111111100100111
111111111100101011
111111111100101101
111111111100110000
111111111100110010
111111111100110100
111111111100110110
111111111100111000
111111111100111001
111111111100111011
111111111100111100
111111111100111110
111111111100111111
111111111101000000
111111111101000001
111111111101000010
111111111101000011
111111111101000011
111111111101000100
111111111101000101
111111111101000110
111111111101000110
111111111101000111
111111111101000111
111111111101001000
111111111101001000
111111111101001001
111111111101001001
111111111101001010
111111111101001010
111111111101001010
111111111101001011
111111111101001011
111111111101001100
111111111101001100
111111111101001100
111111111101001100
111111111101001101
111111111101001101
111111111101001101
111111111101001101
111111111101001110
111111111101001110
111111111101001110
111111111101001110
111111111101001110
111111111101001111
111111111101001111
111111111101001111
111111111101001111
111111111101001111
111111111101001111
111111111101010000
111111111101010000
111111111101010000
111111111101010000
111111111101010000
111111111101010000
111111111101010000
111111111101010000
111111111101010001
111111111101010001
111111111101010001
111111111101010001
111111111101010001
111111111101010001
111111111101010001
111111111101010001
111111111101010001
111111111101010001
111111111101010001
111111111101010010
111111111101010010
111111111101010010
111111111101010010
111111111101010010
111111111101010010
111111111101010010
111111111101010010
111111111101010010
111111111101010010
111111111101010010
111111111101010010
111111111101010010
111111111101010010
111111111101010010
111111111101010010
111111111101010010
111111111101010011
111111111101010011
111111111101010011
111111111101010011
111111111101010011
111111111101010011
111111111101010011
111111111101010011
111111111101010011
111111111101010011
111111111101010011
111111111101010011
111111111101010011
111111111101010011
111111111101010011
111111111101010011
111111111101010011
111111111101010011
111111111101010011
111111111101010011
111111111101010011
111111111101010011
111111111101010011
111111111101010011
111111111101010011
111111111101010011
111111111101010011
111111111101010011
111111111101010011
111111111101010011
111111111101010011
111111111101010100
111111111101010100
111111111101010100
111111111101010100
111111111101010100
111111111101010100
111111111101010100
111111111101010100
111111111101010100
111111111101010100
111111111101010100
111111111101010100
111111111101010100
111111111101010100
111111111101010100
111111111101010100
111111111101010100
111111111101010100
111111111101010100
111111111101010100
111111111101010100
111111111101010100
111111111101010100
111111111101010100
111111111101010100
111111111101010100
111111111101010100
111111111101010100
111111111101010100
111111111101010100
111111111101010100
111111111101010100
111111111101010100
111111111101010100
111111111101010100
111111111101010100
111111111101010100
111111111101010100
111111111101010100
111111111101010100
111111111101010100
111111111101010100
111111111101010100
111111111101010100
111111111101010100
111111111101010100
111111111101010100
111111111101010100
111111111101010100
111111111101010100
111111111101010100
111111111101010100
111111111101010100
111111111101010100
111111111101010100
111111111101010100
111111111101010100
111111111101010100
111111111101010100
111111111101010100
111111111101010100
111111111101010100
111111111101010100
111111111101010100
111111111101010100
111111111101010100
111111111101010100
111111111101010100
111111111101010100
111111111101010100
111111111101010100
111111111101010100
111111111101010100
111111111101010100
111111111101010100
111111111101010100
111111111101010100
111111111101010100
111111111101010100
111111111101010100
111111111101010100
111111111101010100
111111111101010100
111111111101010100
111111111101010100
111111111101010100
111111111101010100
111111111101010100
111111111101010100
111111111101010100
111111111101010100
111111111101010100
111111111101010100
111111111101010100
111111111101010100
111111111101010100
111111111101010100
111111111101010100
111111111101010100
111111111101010100
111111111101010100
111111111101010100
111111111101010100
111111111101010100
111111111101010100
111111111101010100
111111111101010100
111111111101010100
111111111101010100
111111111101010100
111111111101010100
111111111101010100
111111111101010100
111111111101010100
111111111101010100
111111111101010100
111111111101010100
111111111101010100
111111111101010100
111111111101010100
111111111101010100
111111111101010100
111111111101010100
111111111101010100
111111111101010100
111111111101010100
111111111101010100
111111111101010100
111111111101010100
111111111101010100
111111111101010100
111111111101010100
111111111101010100
111111111101010100
111111111101010100
111111111101010100
111111111101010100
111111111101010100
111111111101010100
111111111101010100
111111111101010100
111111111101010100
111111111101010100
111111111101010100
111111111101010100
111111111101010100
111111111101010100
111111111101010100
111111111101010100
111111111101010100
111111111101010100
111111111101010100
111111111101010100
111111111101010100
111111111101010100
111111111101010100
111111111101010100
111111111101010100
111111111101010100
111111111101010100
111111111101010100
111111111101010100
111111111101010100
111111111101010100
111111111101010100
111111111101010100
111111111101010100
111111111101010100
111111111101010100
111111111101010100
111111111101010100
111111111101010100
111111111101010100
111111111101010100
111111111101010100
111111111101010100
111111111101010100
111111111101010100
111111111101010100
111111111101010100
111111111101010100
111111111101010100
111111111101010100
111111111101010100
111111111101010100
111111111101010100
111111111101010100
111111111101010100
111111111101010100
111111111101010100
111111111101010100
111111111101010100
111111111101010100
111111111101010100
111111111101010100
111111111101010100
111111111101010100
111111111101010100
111111111101010100
111111111101010100
111111111101010100
111111111101010100
111111111101010100
111111111101010100
111111111101010100
111111111101010100
111111111101010100
111111111101010100
111111111101010100
111111111101010100
111111111101010100
111111111101010100
111111111101010100
111111111101010100
111111111101010100
111111111101010100
111111111101010100
111111111101010011
111111111101010011
111111111101010011
111111111101010011
111111111101010011
111111111101010011
111111111101010011
111111111101010011
111111111101010011
111111111101010011
111111111101010011
111111111101010011
111111111101010011
111111111101010011
111111111101010011
111111111101010011
111111111101010011
111111111101010011
111111111101010011
111111111101010011
111111111101010011
111111111101010011
111111111101010011
111111111101010011
111111111101010011
111111111101010011
111111111101010011
111111111101010011
111111111101010011
111111111101010011
111111111101010011
111111111101010010
111111111101010010
111111111101010010
111111111101010010
111111111101010010
111111111101010010
111111111101010010
111111111101010010
111111111101010010
111111111101010010
111111111101010010
111111111101010010
111111111101010010
111111111101010010
111111111101010010
111111111101010010
111111111101010010
111111111101010001
111111111101010001
111111111101010001
111111111101010001
111111111101010001
111111111101010001
111111111101010001
111111111101010001
111111111101010001
111111111101010001
111111111101010001
111111111101010000
111111111101010000
111111111101010000
111111111101010000
111111111101010000
111111111101010000
111111111101010000
111111111101010000
111111111101001111
111111111101001111
111111111101001111
111111111101001111
111111111101001111
111111111101001111
111111111101001110
111111111101001110
111111111101001110
111111111101001110
111111111101001110
111111111101001101
111111111101001101
111111111101001101
111111111101001101
111111111101001100
111111111101001100
111111111101001100
111111111101001100
111111111101001011
111111111101001011
111111111101001010
111111111101001010
111111111101001010
111111111101001001
111111111101001001
111111111101001000
111111111101001000
111111111101000111
111111111101000111
111111111101000110
111111111101000110
111111111101000101
111111111101000100
111111111101000011
111111111101000011
111111111101000010
111111111101000001
111111111101000000
111111111100111111
111111111100111110
111111111100111100
111111111100111011
111111111100111001
111111111100111000
111111111100110110
111111111100110100
111111111100110010
111111111100110000
111111111100101101
111111111100101011
111111111100100111
111111111100100100
111111111100100000
111111111100011100
111111111100010111
111111111100010001
111111111100001011
111111111100000100
111111111011111011
111111111011110001
111111111011100110
111111111011011000
111111111011000111
111111111010110011
111111111010011001
111111111001111001
111111111001010000
111111111000011000
111111110111001100
111111110101011100
111111110010101101
111111101101111100
111111100011110110
111111000010011010
001000010010000100
000000110111001001
000000011111011110
000000010111110000
000000010100100110
